38.941199999999995 390.4118 11.941199999999998 390.4118 11.941199999999998 360.4118 38.941199999999995 360.4118 ball 0
59.9412 465.4118 37.9412 465.4118 37.9412 438.4118 59.9412 438.4118 ball 0
131.94119999999998 537.4118 103.9412 537.4118 103.9412 506.41179999999997 131.94119999999998 506.41179999999997 ball 0
225.9412 641.4118 184.9412 641.4118 184.9412 606.4118 225.9412 606.4118 ball 0
332.9412 561.4118 304.9412 561.4118 304.9412 527.4118 332.9412 527.4118 ball 0
466.9412 486.4118 428.9412 486.4118 428.9412 451.4118 466.9412 451.4118 ball 0
410.9412 430.4118 371.9412 430.4118 371.9412 395.4118 410.9412 395.4118 ball 0
521.9412 393.4118 473.9412 393.4118 473.9412 348.4118 521.9412 348.4118 ball 0
487.9412 344.4118 463.9412 344.4118 463.9412 319.4118 487.9412 319.4118 ball 0
464.9412 334.4118 433.9412 334.4118 433.9412 305.4118 464.9412 305.4118 ball 0
417.9412 313.4118 381.9412 313.4118 381.9412 279.4118 417.9412 279.4118 ball 0
431.9412 295.4118 406.9412 295.4118 406.9412 273.4118 431.9412 273.4118 ball 0
477.9412 285.4118 452.9412 285.4118 452.9412 263.4118 477.9412 263.4118 ball 0
521.9412 318.4118 499.9412 318.4118 499.9412 294.4118 521.9412 294.4118 ball 0
557.9412 327.4118 537.9412 327.4118 537.9412 301.4118 557.9412 301.4118 ball 0
576.9412 331.4118 560.9412 331.4118 560.9412 308.4118 576.9412 308.4118 ball 0
556.9412 270.4118 532.9412 270.4118 532.9412 248.41180000000003 556.9412 248.41180000000003 ball 0
681.9412 264.41179999999997 645.9412 264.41179999999997 645.9412 234.4118 681.9412 234.4118 ball 0
734.9412 303.4118 711.9412 303.4118 711.9412 279.4118 734.9412 279.4118 ball 0
754.9412 279.4118 732.9412 279.4118 732.9412 257.4118 754.9412 257.4118 ball 0
763.9412 372.4118 738.9412 372.4118 738.9412 343.4118 763.9412 343.4118 ball 0
666.9412 300.4118 647.9412 300.4118 647.9412 278.4118 666.9412 278.4118 ball 0
654.9412 339.4118 631.9412 339.4118 631.9412 318.4118 654.9412 318.4118 ball 0
604.9412 350.4118 588.9412 350.4118 588.9412 337.4118 604.9412 337.4118 ball 0
619.9412 361.4118 593.9412 361.4118 593.9412 343.4118 619.9412 343.4118 ball 0
634.9412 401.4118 604.9412 401.4118 604.9412 372.4118 634.9412 372.4118 ball 0
683.9412 457.4118 658.9412 457.4118 658.9412 433.4118 683.9412 433.4118 ball 0
700.9412 634.4118 670.9412 634.4118 670.9412 600.4118 700.9412 600.4118 ball 0
913.9412 648.4118 883.9412 648.4118 883.9412 611.4118 913.9412 611.4118 ball 0
1076.9412 733.4118 1041.9412 733.4118 1041.9412 698.4118 1076.9412 698.4118 ball 0
971.9412 463.4118 941.9412 463.4118 941.9412 433.4118 971.9412 433.4118 ball 0
1007.9412 315.4118 979.9412 315.4118 979.9412 293.4118 1007.9412 293.4118 ball 0
980.9412 301.4118 960.9412 301.4118 960.9412 275.4118 980.9412 275.4118 ball 0
946.9412 292.4118 930.9412 292.4118 930.9412 275.4118 946.9412 275.4118 ball 0
912.9412 304.4118 888.9412 304.4118 888.9412 288.4118 912.9412 288.4118 ball 0
899.9412 278.4118 872.9412 278.4118 872.9412 260.4118 899.9412 260.4118 ball 0
854.9412 255.4118 825.9412 255.4118 825.9412 233.4118 854.9412 233.4118 ball 0
831.9412 257.41179999999997 803.9412 257.41179999999997 803.9412 235.4118 831.9412 235.4118 ball 0
68.94120000000001 258.41179999999997 56.9412 258.41179999999997 56.9412 244.4118 68.94120000000001 244.4118 ball 0
97.9412 260.41179999999997 80.9412 260.41179999999997 80.9412 241.4118 97.9412 241.4118 ball 0
133.94119999999998 250.4118 112.9412 250.4118 112.9412 237.4118 133.94119999999998 237.4118 ball 0
166.9412 268.4118 141.9412 268.4118 141.9412 251.41180000000003 166.9412 251.41180000000003 ball 0
267.9412 299.4118 245.94119999999998 299.4118 245.94119999999998 275.4118 267.9412 275.4118 ball 0
283.9412 264.41179999999997 256.9412 264.41179999999997 256.9412 241.4118 283.9412 241.4118 ball 0
