0 0.0360567 0.361492 0.0110567 0.361492 0.0110567 0.333715 0.0360567 0.333715
0 0.0555011 0.430937 0.0351307 0.430937 0.0351307 0.405937 0.0555011 0.405937
0 0.122168 0.497604 0.0962419 0.497604 0.0962419 0.4689 0.122168 0.4689
0 0.209205 0.5939 0.171242 0.5939 0.171242 0.561492 0.209205 0.561492
0 0.308279 0.519826 0.282353 0.519826 0.282353 0.488344 0.308279 0.488344
0 0.432353 0.450381 0.397168 0.450381 0.397168 0.417974 0.432353 0.417974
0 0.380501 0.398529 0.34439 0.398529 0.34439 0.366122 0.380501 0.366122
0 0.483279 0.36427 0.438834 0.36427 0.438834 0.322604 0.483279 0.322604
0 0.451797 0.3189 0.429575 0.3189 0.429575 0.295752 0.451797 0.295752
0 0.430501 0.309641 0.401797 0.309641 0.401797 0.282789 0.430501 0.282789
0 0.386983 0.290196 0.353649 0.290196 0.353649 0.258715 0.386983 0.258715
0 0.399946 0.273529 0.376797 0.273529 0.376797 0.253159 0.399946 0.253159
0 0.442538 0.26427 0.41939 0.26427 0.41939 0.2439 0.442538 0.2439
0 0.483279 0.294826 0.462909 0.294826 0.462909 0.272604 0.483279 0.272604
0 0.516612 0.303159 0.498094 0.303159 0.498094 0.279085 0.516612 0.279085
0 0.534205 0.306863 0.51939 0.306863 0.51939 0.285566 0.534205 0.285566
0 0.515686 0.250381 0.493464 0.250381 0.493464 0.230011 0.515686 0.230011
0 0.631427 0.244826 0.598094 0.244826 0.598094 0.217048 0.631427 0.217048
0 0.680501 0.280937 0.659205 0.280937 0.659205 0.258715 0.680501 0.258715
0 0.69902 0.258715 0.678649 0.258715 0.678649 0.238344 0.69902 0.238344
0 0.707353 0.344826 0.684205 0.344826 0.684205 0.317974 0.707353 0.317974
0 0.617538 0.278159 0.599946 0.278159 0.599946 0.257789 0.617538 0.257789
0 0.606427 0.31427 0.585131 0.31427 0.585131 0.294826 0.606427 0.294826
0 0.560131 0.324455 0.545316 0.324455 0.545316 0.312418 0.560131 0.312418
0 0.57402 0.334641 0.549946 0.334641 0.549946 0.317974 0.57402 0.317974
0 0.587909 0.371678 0.560131 0.371678 0.560131 0.344826 0.587909 0.344826
0 0.633279 0.423529 0.610131 0.423529 0.610131 0.401307 0.633279 0.401307
0 0.64902 0.587418 0.621242 0.587418 0.621242 0.555937 0.64902 0.555937
0 0.846242 0.600381 0.818464 0.600381 0.818464 0.566122 0.846242 0.566122
0 0.997168 0.679085 0.96476 0.679085 0.96476 0.646678 0.997168 0.646678
0 0.899946 0.429085 0.872168 0.429085 0.872168 0.401307 0.899946 0.401307
0 0.933279 0.292048 0.907353 0.292048 0.907353 0.271678 0.933279 0.271678
0 0.908279 0.279085 0.88976 0.279085 0.88976 0.255011 0.908279 0.255011
0 0.876797 0.270752 0.861983 0.270752 0.861983 0.255011 0.876797 0.255011
0 0.845316 0.281863 0.823094 0.281863 0.823094 0.267048 0.845316 0.267048
0 0.833279 0.257789 0.808279 0.257789 0.808279 0.241122 0.833279 0.241122
0 0.791612 0.236492 0.76476 0.236492 0.76476 0.216122 0.791612 0.216122
0 0.770316 0.238344 0.74439 0.238344 0.74439 0.217974 0.770316 0.217974
0 0.0638344 0.23927 0.0527233 0.23927 0.0527233 0.226307 0.0638344 0.226307
0 0.0906863 0.241122 0.0749456 0.241122 0.0749456 0.223529 0.0906863 0.223529
0 0.12402 0.231863 0.104575 0.231863 0.104575 0.219826 0.12402 0.219826
0 0.154575 0.248529 0.131427 0.248529 0.131427 0.232789 0.154575 0.232789
0 0.248094 0.277233 0.227723 0.277233 0.227723 0.255011 0.248094 0.255011
0 0.262909 0.244826 0.237909 0.244826 0.237909 0.223529 0.262909 0.223529
